46 0.882163 0.818963 0.020308 0.027337
46 0.839004 0.789907 0.022703 0.025907
63 0.088193 0.198217 0.018718 0.018381
46 0.139501 0.845676 0.018348 0.025572
80 0.439632 0.665095 0.012988 0.013809
20 0.961394 0.743962 0.005010 0.007360
139 0.674811 0.733515 0.011516 0.018464
46 0.132122 0.665868 0.022411 0.021737
20 0.131416 0.548075 0.006252 0.008950
134 0.234691 0.572840 0.039896 0.074187
20 0.156945 0.604095 0.008925 0.008790
63 0.070813 0.172716 0.018718 0.018381
86 0.639920 0.397445 0.024744 0.019895
46 0.926748 0.939479 0.026466 0.029629
109 0.493799 0.800311 0.011001 0.010741
81 0.516565 0.639011 0.012223 0.010740
0 0.096751 0.479389 0.006114 0.004555
139 0.802122 0.414621 0.010947 0.014456
81 0.459420 0.673920 0.012223 0.010740
