46 0.334325 0.824028 0.025708 0.027738
53 0.066993 0.719156 0.020302 0.035783
46 0.100588 0.733033 0.025708 0.027738
98 0.113533 0.317481 0.007648 0.006813
46 0.157376 0.398498 0.014189 0.017448
63 0.041894 0.685712 0.027039 0.023498
46 0.479067 0.664985 0.016560 0.022581
46 0.039844 0.105592 0.017682 0.020940
63 0.278402 0.151484 0.018622 0.019574
63 0.702617 0.445059 0.022730 0.023871
80 0.360170 0.063267 0.009706 0.012168
63 0.241552 0.186467 0.018509 0.020235
46 0.236474 0.644816 0.025707 0.027738
46 0.537252 0.683041 0.020737 0.025625
53 0.825647 0.181203 0.043050 0.072705
46 0.509474 0.749849 0.011782 0.020607
46 0.137976 0.430463 0.025708 0.027738
46 0.262885 0.276073 0.020745 0.018217
46 0.304472 0.318399 0.016338 0.017688
139 0.084162 0.046438 0.011461 0.013098
53 0.910249 0.425098 0.049790 0.022659
